conv_layer: 6
dropout: 0.25661833859850397
hidden_dim: 4
lr: 0.0005590838273178707
