conv_layer: 3
dropout: 0.018900629111936407
hidden_dim: 64
lr: 0.0008925545320462211
