conv_layer: 9
dropout: 0.07467968733070654
hidden_dim: 32
lr: 0.003530340491594466
