num_layers: 4
dropout: 0.4034303008581559
lr: 0.0020696798650272283
batch_size: 210
resi: 0.5458858684120336
alpha: 0.6022384466779166
hidden_dim: 64