aggr: mean
batch_size: 108
conv_layer: 3
dropout: 0.4065180241524898
hidden_dim: 64
jk: 1
lr: 0.0029055027968138015
pool: size
resi: 0.3361468956657095
z_ratio: 0.8180490446081528
